300.000000 0.030951
302.310631 0.037829
305.280531 0.042411
307.917747 0.044706
310.891112 0.043559
313.199109 0.048149
315.514037 0.052731
317.822034 0.049296
320.462715 0.053878
322.444959 0.059608
324.420272 0.059608
326.735200 0.060756
328.052075 0.067633
330.034318 0.075658
332.016562 0.080248
333.666122 0.087125
334.657243 0.095150
335.641434 0.104322
336.965240 0.114626
338.282116 0.123774
339.938606 0.130676
341.913919 0.137577
344.228847 0.139824
345.878406 0.145602
347.527965 0.150176
349.177525 0.159324
350.168647 0.167349
350.168647 0.174250
350.494400 0.182275
350.827084 0.192627
351.159768 0.202899
352.143959 0.212047
352.809328 0.221275
353.800450 0.231547
354.458887 0.239572
354.784641 0.249924
355.450009 0.260195
355.450009 0.269424
356.108447 0.276245
357.425322 0.285474
360.066003 0.286597
362.048247 0.290048
363.365122 0.296949
364.030491 0.302647
365.680050 0.298072
366.671172 0.291171
367.988047 0.284270
369.325715 0.280899
370.989136 0.284270
371.959465 0.278572
372.929794 0.270547
372.929794 0.261399
372.929794 0.254498
373.276340 0.246473
373.622886 0.238448
373.900123 0.230183
374.939762 0.220072
376.603183 0.212047
378.890387 0.205226
381.177591 0.209800
382.494467 0.220072
383.534105 0.231547
383.811342 0.244146
383.811342 0.254498
384.504434 0.264850
385.128217 0.276245
385.128217 0.286597
385.821309 0.296949
386.167855 0.307221
386.167855 0.315245
386.445092 0.322147
386.791638 0.329048
387.138184 0.338196
387.138184 0.346221
387.138184 0.355369
387.138184 0.366845
387.484730 0.377197
387.761967 0.386345
388.108513 0.397820
388.108513 0.406969
388.108513 0.416117
388.108513 0.426469
388.801605 0.436741
389.078842 0.447093
389.425388 0.456241
389.425388 0.468840
389.771935 0.479192
390.118481 0.490667
390.465027 0.503266
390.742264 0.513618
390.742264 0.523890
390.742264 0.534242
391.435356 0.543390
391.781902 0.554865
391.781902 0.567464
392.059139 0.576613
391.781902 0.584637
391.781902 0.591539
391.781902 0.599563
391.781902 0.609915
392.059139 0.621311
392.405685 0.629335
392.752231 0.638564
393.376014 0.651163
393.376014 0.661435
393.722560 0.674114
393.722560 0.688960
394.415652 0.706213
394.415652 0.718812
394.415652 0.730287
394.692889 0.740559
395.039435 0.750911
395.039435 0.761183
395.385981 0.771534
395.385981 0.780683
395.732527 0.793282
396.009764 0.805881
396.702856 0.813905
397.049403 0.825381
397.395949 0.834690
398.019732 0.845924
398.366278 0.855554
398.366278 0.864381
398.712824 0.874813
398.990061 0.883641
399.336607 0.894073
399.336607 0.902098
399.683153 0.913332
400.306936 0.923765
400.306936 0.933394
400.653482 0.941419
401.000028 0.949444
401.000028 0.960679
401.000028 0.969506
401.623811 0.981543
401.970357 0.990370
402.663449 1.000000
403.980324 0.990370
403.980324 0.981543
404.604107 0.971111
404.950654 0.965493
405.920983 0.958271
405.920983 0.950246
406.614075 0.942222
406.960621 0.933394
407.237858 0.922962
408.277496 0.913332
408.901279 0.903703
409.247825 0.893270
409.594371 0.882838
409.594371 0.871604
409.871608 0.859566
409.871608 0.848332
409.871608 0.837097
410.218154 0.823134
410.564700 0.810535
410.564700 0.796732
410.911246 0.783010
410.911246 0.770411
410.911246 0.755485
410.911246 0.741682
411.535029 0.729083
411.881575 0.719935
411.881575 0.708460
412.228122 0.696984
412.851905 0.686713
413.198451 0.675237
413.198451 0.662638
413.198451 0.650039
413.544997 0.639687
413.891543 0.630539
413.891543 0.623638
413.891543 0.614490
413.891543 0.604138
413.891543 0.596113
414.168780 0.586965
414.168780 0.575489
414.168780 0.566341
414.515326 0.558316
414.861872 0.549088
414.861872 0.541063
415.208418 0.530791
415.208418 0.520439
415.485655 0.511291
415.832201 0.502143
415.832201 0.494118
415.832201 0.484889
416.178747 0.475741
416.525293 0.465469
416.525293 0.457445
416.802530 0.448216
416.802530 0.440191
417.149076 0.429920
418.188714 0.419568
418.465951 0.409296
418.465951 0.400067
418.812497 0.389796
419.159044 0.381771
419.159044 0.372542
419.159044 0.363394
419.505590 0.351919
420.822465 0.342770
420.822465 0.333622
420.822465 0.325597
421.099702 0.317573
421.099702 0.310671
421.099702 0.301523
421.446248 0.291171
421.446248 0.283146
421.792794 0.275122
421.792794 0.265973
422.139340 0.257949
422.139340 0.249924
422.139340 0.240776
422.139340 0.230424
422.416577 0.221275
422.763123 0.212047
422.763123 0.202899
422.763123 0.193750
422.763123 0.182275
423.456215 0.173127
423.456215 0.161651
423.733452 0.151299
424.079998 0.141027
425.396873 0.131799
426.436512 0.121527
428.030624 0.113502
429.347499 0.104322
431.010920 0.095150
432.050558 0.085977
433.367433 0.079100
434.337763 0.072223
435.654638 0.064198
437.318059 0.056173
438.634934 0.048149
439.951809 0.042411
441.615231 0.035536
443.555889 0.029804
445.219310 0.025219
447.229277 0.019484
450.486811 0.016050
454.160199 0.013754
455.754311 0.013754
458.734608 0.013754
459.427700 0.016050
461.368358 0.016050
464.002108 0.014902
466.982405 0.016050
469.616155 0.017197
472.596452 0.021779
476.269840 0.022926
478.903591 0.025219
482.507670 0.025219
484.794874 0.029804
486.111749 0.029804
487.497934 0.027511
489.785138 0.022926
492.072342 0.022926
495.745731 0.022926
499.003264 0.026365
502.330107 0.027511
505.587640 0.027511
508.567936 0.029804
511.201687 0.035536
513.211654 0.030951
514.875075 0.026365
517.855372 0.026365
520.142576 0.030951
522.776326 0.028657
524.439748 0.024072
526.726952 0.029804
528.736919 0.034389
530.677577 0.040124
532.340999 0.045854
534.350966 0.050436
536.014387 0.045854
538.648138 0.042411
540.935342 0.038976
543.222546 0.034389
546.202842 0.040124
548.212810 0.048149
550.500014 0.048149
553.133764 0.045854
555.143732 0.045854
558.124028 0.051583
559.718140 0.057321
561.035015 0.064198
562.698437 0.069928
564.361858 0.077953
566.371825 0.081395
568.659029 0.079100
570.322451 0.072223
572.263109 0.066485
574.273076 0.060756
575.936498 0.066485
577.599919 0.072223
579.540577 0.080248
581.550544 0.082535
584.808078 0.079100
587.164591 0.084830
589.451795 0.094002
590.768670 0.104322
592.085546 0.112379
593.748967 0.103175
595.689625 0.096297
597.353046 0.104322
597.353046 0.115749
597.699592 0.128429
598.669921 0.138700
599.986797 0.150176
600.333343 0.158201
600.679889 0.165102
601.303672 0.175374
601.996764 0.173127
603.313639 0.167349
603.937422 0.159324
605.600843 0.153626
605.600843 0.147849
606.640482 0.135250
608.927686 0.123774
610.868344 0.131799
611.561436 0.138700
612.531765 0.147849
613.848640 0.155873
615.512062 0.150176
616.482391 0.143274
617.522029 0.136453
618.838904 0.129552
619.809233 0.120404
621.472655 0.111175
624.106405 0.116953
626.393609 0.124978
628.403576 0.135250
630.066998 0.145602
631.661110 0.155873
633.671077 0.166225
634.987952 0.177701
636.304827 0.183398
637.621703 0.190300
639.631670 0.184602
640.255453 0.176577
640.948545 0.170799
641.572328 0.163898
641.918874 0.157077
642.611966 0.149052
643.235749 0.139824
644.206078 0.130676
645.522954 0.122651
646.216046 0.114626
647.186375 0.105470
648.226013 0.096297
648.849796 0.087125
650.166671 0.075658
651.483547 0.068780
653.146968 0.060756
654.463843 0.052731
655.780718 0.043559
657.097593 0.036682
658.414468 0.029804
659.731344 0.022926
661.394765 0.014902
663.404732 0.009172
665.691936 0.005730
667.979141 0.002287
669.989108 0.002287
671.929766 0.002287
674.910063 0.003435
676.920030 0.002287
679.207234 0.002287
680.870655 0.001148
683.157860 0.000000
685.514373 0.000000
687.108485 0.000000
688.771906 0.000000
692.098749 0.000000
696.395921 0.000000
700.000000 0.000000
