 -2.038334000000E-01  -9.400000000000E-06
  2.092260000000E-02   2.750000000000E-05
  2.823160000000E-02  -1.650000000000E-05
  3.641000000000E-03  -5.000000000000E-07
  8.287000000000E-04  -3.000000000000E-07
 -2.030500000000E-03   9.000000000000E-07
  1.000000000000E-07   4.912100000000E-03
  3.757690000000E-02  -1.000000000000E-07
 -7.331150000000E-02   6.000000000000E-07
  4.700000000000E-06   1.809360000000E-02
  1.485700000000E-03   3.000000000000E-07
  2.239300000000E-03  -1.400000000000E-06
  7.000000000000E-07   3.175900000000E-03
  2.339400000000E-03   0.000000000000E+00
  4.266700000000E-03  -2.000000000000E-07
 -3.196400000000E-03   4.000000000000E-07
 -3.000000000000E-07  -1.286400000000E-03
  5.000000000000E-07   2.653100000000E-03
  4.191300000000E-03  -3.000000000000E-07
  9.558200000000E-03  -0.000000000000E+00
  7.453800000000E-03  -1.000000000000E-07
 -4.554200000000E-03   2.000000000000E-07
 -5.000000000000E-07  -1.054000000000E-04
  1.300000000000E-06   3.559400000000E-03
  1.468550000000E-02  -3.000000000000E-07
  1.203546900000E+00  -3.000000000000E-07
 -1.177371000000E-01   8.000000000000E-07
  5.236386000000E-01   9.500000000000E-06
 -3.768898000000E-01   6.600000000000E-06
 -2.498430000000E-02  -0.000000000000E+00
  9.975700000000E-02  -7.000000000000E-07
 -6.774100000000E-03  -2.100000000000E-06
 -1.000000000000E-06  -7.872070000000E-02
 -1.556560000000E-02   3.100000000000E-06
 -5.540000000000E-04   1.450000000000E-05
  1.000000000000E-07   7.428907000000E-01
 -7.399180000000E-02  -4.000000000000E-07
  3.814700000000E-03  -5.200000000000E-06
  4.700000000000E-06  -1.434145000000E-01
 -5.820300000000E-03   1.000000000000E-07
  1.421600000000E-03  -6.000000000000E-07
 -4.000000000000E-07  -3.341000000000E-03
  2.375240000000E-02   1.000000000000E-07
 -3.310000000000E-05  -2.000000000000E-07
  2.647600000000E-02   1.700000000000E-06
 -1.000000000000E-07   5.117000000000E-04
  1.000000000000E-07   1.084830000000E-02
  2.725010000000E-02  -1.100000000000E-06
  7.044180000000E-02   1.100000000000E-06
 -8.903000000000E-03  -8.000000000000E-07
  1.517245000000E-01   5.800000000000E-06
 -2.000000000000E-07   4.837000000000E-03
 -1.600000000000E-06   3.609340000000E-02
  1.388263000000E-01  -3.700000000000E-06
  2.016730000000E-02   7.000000000000E-07
  2.460700000000E-03  -5.000000000000E-07
  4.826200000000E-03   2.200000000000E-06
  1.000000000000E-07   6.729100000000E-03
  2.000000000000E-06   8.519400000000E-03
  5.759000000000E-04  -8.000000000000E-07
 -1.403300000000E-02   2.000000000000E-07
 -6.423000000000E-04   2.000000000000E-07
  2.442000000000E-03   1.000000000000E-07
 -7.796700000000E-03   4.000000000000E-07
 -1.000000000000E-07   8.933400000000E-03
 -1.000000000000E-07   9.975000000000E-04
  1.800000000000E-06   5.663600000000E-03
  2.205500000000E-03  -0.000000000000E+00
  1.015620000000E-02   1.000000000000E-07
 -1.300000000000E-06   2.612420000000E-02
  1.298100000000E-02  -4.000000000000E-07
 -1.742800000000E-03  -2.000000000000E-07
  1.653650000000E-02   1.200000000000E-06
 -2.898820000000E-02   2.000000000000E-07
 -1.000000000000E-07  -1.061500000000E-03
 -7.000000000000E-07   6.372800000000E-03
  4.600000000000E-06   7.516500000000E-03
  1.022020000000E-02  -9.000000000000E-07
  3.133730000000E-02   4.000000000000E-07
 -4.800000000000E-06   1.525870000000E-02
 -1.773138000000E-01  -1.415333000000E-01
  2.134820000000E-02   5.438999000000E-01
  2.457910000000E-02  -2.294901000000E-01
  3.025600000000E-03   1.745100000000E-03
  6.395000000000E-04  -6.401300000000E-03
  1.027000000000E-03  -7.699000000000E-03
  1.768000000000E-03  -6.893100000000E-03
  3.124790000000E-02  -2.923400000000E-03
  3.317150000000E-02  -8.445500000000E-03
  5.829870000000E-02   4.927300000000E-03
  4.669000000000E-04   3.330600000000E-03
 -3.414700000000E-03   6.643000000000E-03
 -1.295900000000E-03   1.776560000000E-02
  2.874800000000E-03   1.076000000000E-03
 -1.779600000000E-03   1.773000000000E-03
  2.259700000000E-03   1.529100000000E-03
 -3.201900000000E-03   1.705200000000E-03
 -3.777700000000E-03   2.360200000000E-03
 -1.392400000000E-03   1.189800000000E-03
  1.026580000000E-02   2.641800000000E-03
 -3.795900000000E-03  -1.434300000000E-03
  1.022000000000E-02   2.981200000000E-03
 -5.519000000000E-03  -1.831400000000E-03
 -9.125900000000E-03   4.918000000000E-04
  1.660000000000E-05  -8.550000000000E-05
 -1.773170000000E-01   1.415354000000E-01
  2.134940000000E-02  -5.439188000000E-01
  2.458750000000E-02   2.294983000000E-01
  3.025100000000E-03  -1.744700000000E-03
  6.395000000000E-04   6.401700000000E-03
  1.026800000000E-03   7.697900000000E-03
 -1.768100000000E-03  -6.894200000000E-03
  3.124930000000E-02   2.924000000000E-03
  3.316510000000E-02   8.444800000000E-03
 -5.830320000000E-02   4.926100000000E-03
  4.660000000000E-04  -3.330500000000E-03
 -3.414400000000E-03  -6.641600000000E-03
  1.297600000000E-03   1.776700000000E-02
  2.874900000000E-03  -1.076100000000E-03
 -1.779300000000E-03  -1.772800000000E-03
  2.260600000000E-03  -1.528600000000E-03
  3.202200000000E-03   1.705600000000E-03
  3.777200000000E-03   2.360100000000E-03
 -1.392900000000E-03  -1.190400000000E-03
  1.026650000000E-02  -2.642000000000E-03
 -3.795600000000E-03   1.434200000000E-03
  1.022260000000E-02  -2.981100000000E-03
  5.519900000000E-03  -1.831900000000E-03
  9.124600000000E-03   4.921000000000E-04
  1.580000000000E-05   8.520000000000E-05
  2.334100000000E-03  -0.000000000000E+00
  1.643400000000E-03   0.000000000000E+00
  7.734200000000E-03  -6.800000000000E-06
 -9.069020000000E-02  -4.000000000000E-06
 -1.214500000000E-02  -2.000000000000E-07
  3.835000000000E-03  -1.000000000000E-07
 -6.365000000000E-04  -1.300000000000E-06
 -1.000000000000E-07  -2.963470000000E-02
  1.410000000000E-03  -1.400000000000E-06
  3.284000000000E-04   1.360000000000E-05
  0.000000000000E+00   3.823503000000E-01
 -5.473410000000E-02  -9.000000000000E-07
 -4.425350000000E-02  -2.500000000000E-06
  3.000000000000E-07  -5.090600000000E-02
 -8.332600000000E-03  -3.000000000000E-07
  1.576400000000E-03   5.000000000000E-07
  7.000000000000E-07   7.851100000000E-03
  7.174000000000E-04  -0.000000000000E+00
  1.249000000000E-04   0.000000000000E+00
 -3.280000000000E-05   2.000000000000E-07
  0.000000000000E+00   3.879400000000E-03
 -0.000000000000E+00   2.416000000000E-03
 -1.903000000000E-04  -1.000000000000E-07
 -2.797000000000E-04  -1.000000000000E-07
  3.502000000000E-04   3.000000000000E-07
  2.108700000000E-03   6.000000000000E-07
 -0.000000000000E+00   1.722360000000E-02
  0.000000000000E+00   7.236500000000E-03
  5.271100000000E-03  -1.000000000000E-07
 -3.234510000000E-02  -1.000000000000E-07
 -1.889600000000E-03   2.000000000000E-07
 -2.468190000000E-02   0.000000000000E+00
  3.000000000000E-07   7.831100000000E-03
  4.000000000000E-07   3.130200000000E-03
 -9.860000000000E-05   2.000000000000E-07
 -3.665000000000E-04  -0.000000000000E+00
 -2.261000000000E-04   2.000000000000E-07
  8.818000000000E-04   0.000000000000E+00
 -1.255000000000E-04   4.000000000000E-07
  0.000000000000E+00   7.969700000000E-03
 -0.000000000000E+00   2.047000000000E-04
  0.000000000000E+00   4.792100000000E-03
  3.594000000000E-04  -1.000000000000E-07
 -4.200000000000E-06   2.000000000000E-07
 -0.000000000000E+00   9.842700000000E-03
  1.976700000000E-03  -2.000000000000E-07
  7.235000000000E-04   4.000000000000E-07
  1.478900000000E-03  -1.000000000000E-07
  7.896000000000E-04   5.000000000000E-07
 -1.000000000000E-07   1.167530000000E-02
  2.000000000000E-07   6.103000000000E-04
 -2.000000000000E-07   8.044700000000E-03
  3.628800000000E-03  -0.000000000000E+00
  7.589000000000E-04   2.000000000000E-07
  1.000000000000E-07   1.782220000000E-02
  6.226240000000E-02  -1.000000000000E-06
 -6.983400000000E-03   9.200000000000E-06
 -2.302040000000E-02  -4.900000000000E-06
 -4.566200000000E-03  -0.000000000000E+00
 -3.571000000000E-04   2.000000000000E-07
 -4.528000000000E-04  -1.000000000000E-07
  1.000000000000E-07   4.484300000000E-03
  1.198860000000E-02   4.000000000000E-07
 -6.752900000000E-03   1.000000000000E-07
 -4.000000000000E-07   9.432700000000E-03
 -3.424200000000E-03  -3.000000000000E-07
  5.114200000000E-03   5.000000000000E-07
 -9.000000000000E-07   4.549300000000E-03
 -3.988000000000E-04   0.000000000000E+00
 -8.957000000000E-04  -0.000000000000E+00
 -8.790000000000E-05   0.000000000000E+00
 -0.000000000000E+00   1.163800000000E-03
  0.000000000000E+00  -1.679900000000E-03
 -9.321000000000E-04   0.000000000000E+00
  8.944600000000E-03   2.000000000000E-07
  3.666200000000E-03   1.000000000000E-07
  4.587300000000E-03  -0.000000000000E+00
 -5.000000000000E-07   1.995600000000E-03
 -2.000000000000E-07  -1.428800000000E-03
  6.409600000000E-03   3.000000000000E-07
