  -0.0000094	 -0.0000040  
   0.0000275	  0.0000023  
  -0.0000165	 -0.0000280  
  -0.0000005	 -0.0000182  
  -0.0000003	 -0.0000003  
   0.0000009	  0.0000002  
   0.0049121	  0.0035905  
  -0.0000001	 -0.0000008  
   0.0000006	  0.0000007  
   0.0180936	  0.0079845  
   0.0000003	 -0.0000010  
  -0.0000014	 -0.0000022  
   0.0031759	  0.0317864  
   0.0000000	 -0.0000000  
  -0.0000002	 -0.0000001  
   0.0000004	  0.0000002  
  -0.0012864	 -0.0012560  
   0.0026531	  0.0020092  
  -0.0000003	 -0.0000002  
  -0.0000000	 -0.0000009  
  -0.0000001	 -0.0000008  
   0.0000002	  0.0000002  
  -0.0001054	  0.0009063  
   0.0035594	  0.0011430  
  -0.0000003	 -0.0000008  
  -0.0000003	 -0.0000000  
   0.0000008	 -0.0000004  
   0.0000095	  0.0000054  
   0.0000066	 -0.0000085  
  -0.0000000	  0.0000506  
  -0.0000007	 -0.0000022  
  -0.0000021	 -0.0000009  
  -0.0787207	 -0.0239455  
   0.0000031	 -0.0000154  
   0.0000145	  0.0000196  
   0.7428907	  0.4161705  
  -0.0000004	  0.0000081  
  -0.0000052	 -0.0000319  
  -0.1434145	 -0.0819454  
   0.0000001	 -0.0000259  
  -0.0000006	  0.0000029  
  -0.0033410	  0.2594294  
   0.0000001	 -0.0000009  
  -0.0000002	 -0.0000004  
   0.0000017	 -0.0000003  
   0.0005117	 -0.0040977  
   0.0108483	 -0.0066182  
  -0.0000011	  0.0000011  
   0.0000011	 -0.0000025  
  -0.0000008	 -0.0000020  
   0.0000058	 -0.0000024  
   0.0048370	 -0.0341852  
   0.0360934	 -0.0245817  
  -0.0000037	  0.0000042  
   0.0000007	 -0.0000107  
  -0.0000005	 -0.0000113  
   0.0000022	 -0.0000092  
   0.0067291	 -0.1182067  
   0.0085194	 -0.0121514  
  -0.0000008	 -0.0000161  
   0.0000002	 -0.0000006  
   0.0000002	  0.0000003  
   0.0000001	 -0.0000006  
   0.0000004	  0.0000003  
   0.0089334	  0.0029896  
   0.0009975	 -0.0014418  
   0.0056636	  0.0004157  
  -0.0000000	 -0.0000003  
   0.0000001	  0.0000003  
   0.0261242	  0.0085761  
  -0.0000004	 -0.0000037  
  -0.0000002	  0.0000004  
   0.0000012	 -0.0000027  
   0.0000002	  0.0000007  
  -0.0010615	  0.0021921  
   0.0063728	 -0.0050141  
   0.0075165	  0.0041802  
  -0.0000009	 -0.0000011  
   0.0000004	  0.0000024  
   0.0152587	  0.0144129  
  -0.1415333	  0.0288596  
   0.5438999	 -0.0599856  
  -0.2294901	 -0.0200735  
   0.0017451	 -1.7939840  
  -0.0064013	 -0.0036599  
  -0.0076990	 -0.0056179  
  -0.0068931	 -0.0058715  
  -0.0029234	 -0.0030189  
  -0.0084455	 -0.0222378  
   0.0049273	 -0.0316606  
   0.0033306	  0.0560874  
   0.0066430	 -0.1070038  
   0.0177656	 -0.2267290  
   0.0010760	  0.0020113  
   0.0017730	  0.0012584  
   0.0015291	  0.0030477  
   0.0017052	  0.0013470  
   0.0023602	  0.0021085  
   0.0011898	  0.0029465  
   0.0026418	  0.0124510  
  -0.0014343	 -0.0027313  
   0.0029812	  0.0255617  
  -0.0018314	 -0.0052683  
   0.0004918	  0.0012710  
  -0.0000855	  0.0372557  
   0.1415354	 -0.0288639  
  -0.5439188	  0.0599891  
   0.2294983	  0.0201150  
  -0.0017447	  1.7939782  
   0.0064017	  0.0036593  
   0.0076979	  0.0056173  
  -0.0068942	 -0.0058725  
   0.0029240	  0.0030178  
   0.0084448	  0.0222369  
   0.0049261	 -0.0316638  
  -0.0033305	 -0.0561009  
  -0.0066416	  0.1069830  
   0.0177670	 -0.2267371  
  -0.0010761	 -0.0020112  
  -0.0017728	 -0.0012583  
  -0.0015286	 -0.0030472  
   0.0017056	  0.0013470  
   0.0023601	  0.0021086  
  -0.0011904	 -0.0029468  
  -0.0026420	 -0.0124514  
   0.0014342	  0.0027307  
  -0.0029811	 -0.0255620  
  -0.0018319	 -0.0052684  
   0.0004921	  0.0012703  
   0.0000852	 -0.0372542  
  -0.0000000	 -0.0000003  
   0.0000000	 -0.0000000  
  -0.0000068	 -0.0000096  
  -0.0000040	 -0.0000192  
  -0.0000002	  0.0000094  
  -0.0000001	  0.0000010  
  -0.0000013	 -0.0000007  
  -0.0296347	  0.0005174  
  -0.0000014	 -0.0000127  
   0.0000136	 -0.0000001  
   0.3823503	  0.0045142  
  -0.0000009	 -0.0000068  
  -0.0000025	  0.0000014  
  -0.0509060	  0.0136729  
  -0.0000003	  0.0000074  
   0.0000005	  0.0000098  
   0.0078511	 -0.0541624  
  -0.0000000	  0.0000001  
   0.0000000	  0.0000001  
   0.0000002	 -0.0000001  
   0.0038794	  0.0025805  
   0.0024160	 -0.0006711  
  -0.0000001	  0.0000000  
  -0.0000001	  0.0000002  
   0.0000003	  0.0000005  
   0.0000006	 -0.0000002  
   0.0172236	  0.0094288  
   0.0072365	 -0.0021002  
  -0.0000001	  0.0000008  
  -0.0000001	 -0.0000044  
   0.0000002	  0.0000004  
   0.0000000	  0.0000004  
   0.0078311	 -0.0104972  
   0.0031302	  0.0137798  
   0.0000002	 -0.0000006  
  -0.0000000	 -0.0000003  
   0.0000002	  0.0000001  
   0.0000000	 -0.0000001  
   0.0000004	 -0.0000001  
   0.0079697	  0.0019794  
   0.0002047	  0.0003033  
   0.0047921	 -0.0008197  
  -0.0000001	 -0.0000002  
   0.0000002	  0.0000000  
   0.0098427	 -0.0007207  
  -0.0000002	 -0.0000007  
   0.0000004	 -0.0000003  
  -0.0000001	 -0.0000001  
   0.0000005	 -0.0000006  
   0.0116753	 -0.0017311  
   0.0006103	 -0.0017714  
   0.0080447	  0.0014766  
  -0.0000000	  0.0000001  
   0.0000002	 -0.0000004  
   0.0178222	 -0.0038159  
  -0.0000010	  0.0000041  
   0.0000092	 -0.0000028  
  -0.0000049	 -0.0000248  
  -0.0000000	  0.0000115  
   0.0000002	 -0.0000002  
  -0.0000001	 -0.0000000  
   0.0044843	 -0.0017247  
   0.0000004	 -0.0000000  
   0.0000001	 -0.0000017  
   0.0094327	 -0.0224969  
  -0.0000003	 -0.0000027  
   0.0000005	 -0.0000105  
   0.0045493	 -0.1134506  
   0.0000000	  0.0000002  
  -0.0000000	  0.0000000  
   0.0000000	  0.0000002  
   0.0011638	  0.0001181  
  -0.0016799	  0.0002676  
   0.0000000	  0.0000002  
   0.0000002	  0.0000025  
   0.0000001	 -0.0000007  
  -0.0000000	  0.0000040  
   0.0019956	 -0.0092464  
  -0.0014288	  0.0112975  
   0.0000003	  0.0000023  
