  -0.2038334  	  0.0000029 
   0.0209226  	 -0.0000100 
   0.0282316  	  0.0000664 
   0.0036410  	  0.0000357 
   0.0008287  	  0.0000001 
  -0.0020305  	  0.0000002 
   0.0000001  	 -0.0039488 
   0.0375769  	 -0.0000004 
  -0.0733115  	  0.0000017 
   0.0000047  	  0.0042160 
   0.0014857  	 -0.0000021 
   0.0022393  	  0.0000185 
   0.0000007  	  0.0122998 
   0.0023394  	 -0.0000001 
   0.0042667  	  0.0000001 
  -0.0031964  	 -0.0000002 
  -0.0000003  	  0.0008977 
   0.0000005  	 -0.0015473 
   0.0041913  	  0.0000001 
   0.0095582  	  0.0000010 
   0.0074538  	 -0.0000000 
  -0.0045542  	  0.0000018 
  -0.0000005  	  0.0025298 
   0.0000013  	  0.0029338 
   0.0146855  	  0.0000002 
   1.2035469  	 -0.0000002 
  -0.1177371  	  0.0000009 
   0.5236386  	  0.0000025 
  -0.3768898  	  0.0000787 
  -0.0249843  	 -0.0000694 
   0.0997570  	 -0.0000185 
  -0.0067741  	  0.0000218 
  -0.0000010  	  0.4258864 
  -0.0155656  	  0.0000348 
  -0.0005540  	 -0.0000497 
   0.0000001  	 -0.7450599 
  -0.0739918  	  0.0000109 
   0.0038147  	  0.0000835 
   0.0000047  	  0.3072258 
  -0.0058203  	  0.0000105 
   0.0014216  	  0.0000170 
  -0.0000004  	 -0.1145953 
   0.0237524  	  0.0000008 
  -0.0000331  	  0.0000007 
   0.0264760  	  0.0000005 
  -0.0000001  	  0.0081098 
   0.0000001  	  0.0118710 
   0.0272501  	 -0.0000014 
   0.0704418  	  0.0000056 
  -0.0089030  	  0.0000047 
   0.1517245  	  0.0000089 
  -0.0000002  	  0.0721906 
  -0.0000016  	  0.1105531 
   0.1388263  	 -0.0000138 
   0.0201673  	  0.0000205 
   0.0024607  	  0.0000258 
   0.0048262  	  0.0000165 
   0.0000001  	  0.0606078 
   0.0000020  	  0.0406285 
   0.0005759  	  0.0000187 
  -0.0140330  	  0.0000025 
  -0.0006423  	 -0.0000021 
   0.0024420  	  0.0000018 
  -0.0077967  	 -0.0000040 
  -0.0000001  	 -0.0295236 
  -0.0000001  	  0.0037325 
   0.0000018  	 -0.0258557 
   0.0022055  	  0.0000011 
   0.0101562  	 -0.0000018 
  -0.0000013  	 -0.0579463 
   0.0129810  	 -0.0000015 
  -0.0017428  	 -0.0000051 
   0.0165365  	  0.0000034 
  -0.0289882  	 -0.0000069 
  -0.0000001  	 -0.0252749 
  -0.0000007  	  0.0265562 
   0.0000046  	 -0.0084274 
   0.0102202  	 -0.0000037 
   0.0313373  	 -0.0000054 
  -0.0000048  	 -0.0158128 
  -0.1773138  	 -0.1755779 
   0.0213482  	  0.1883741 
   0.0245791  	 -0.0853540 
   0.0030256  	  1.3126051 
   0.0006395  	  0.0037414 
   0.0010270  	  0.0056326 
   0.0017680  	  0.0053765 
   0.0312479  	  0.0342050 
   0.0331715  	  0.0496748 
   0.0582987  	  0.0861182 
   0.0004669  	  0.0429836 
  -0.0034147  	  0.1183284 
  -0.0012959  	  0.2668763 
   0.0028748  	 -0.0015786 
  -0.0017796  	 -0.0011217 
   0.0022597  	 -0.0020071 
  -0.0032019  	 -0.0014274 
  -0.0037777  	 -0.0016975 
  -0.0013924  	 -0.0018884 
   0.0102658  	 -0.0001670 
  -0.0037959  	 -0.0083600 
   0.0102200  	 -0.0083240 
  -0.0055190  	 -0.0059677 
  -0.0091259  	 -0.0084592 
   0.0000166  	 -0.0294051 
  -0.1773170  	  0.1755861 
   0.0213494  	 -0.1883785 
   0.0245875  	  0.0852158 
   0.0030251  	 -1.3126297 
   0.0006395  	 -0.0037410 
   0.0010268  	 -0.0056322 
  -0.0017681  	  0.0053775 
   0.0312493  	 -0.0342066 
   0.0331651  	 -0.0496683 
  -0.0583032  	  0.0861246 
   0.0004660  	 -0.0429851 
  -0.0034144  	 -0.1182923 
   0.0012976  	  0.2668470 
   0.0028749  	  0.0015785 
  -0.0017793  	  0.0011217 
   0.0022606  	  0.0020066 
   0.0032022  	 -0.0014275 
   0.0037772  	 -0.0016977 
  -0.0013929  	  0.0018885 
   0.0102665  	  0.0001660 
  -0.0037956  	  0.0083588 
   0.0102226  	  0.0083204 
   0.0055199  	 -0.0059696 
   0.0091246  	 -0.0084570 
   0.0000158  	  0.0294029 
   0.0023341  	  0.0000001 
   0.0016434  	 -0.0000006 
   0.0077342  	  0.0000087 
  -0.0906902  	  0.0000047 
  -0.0121450  	 -0.0000155 
   0.0038350  	 -0.0000023 
  -0.0006365  	  0.0000001 
  -0.0000001  	  0.0013079 
   0.0014100  	  0.0000149 
   0.0003284  	  0.0000014 
   0.0000000  	  0.0119196 
  -0.0547341  	 -0.0000022 
  -0.0442535  	  0.0000039 
   0.0000003  	 -0.0041660 
  -0.0083326  	 -0.0000084 
   0.0015764  	 -0.0000068 
   0.0000007  	 -0.0192765 
   0.0007174  	 -0.0000001 
   0.0001249  	 -0.0000001 
  -0.0000328  	  0.0000000 
   0.0000000  	 -0.0026043 
  -0.0000000  	  0.0006879 
  -0.0001903  	 -0.0000001 
  -0.0002797  	 -0.0000016 
   0.0003502  	 -0.0000008 
   0.0021087  	 -0.0000006 
  -0.0000000  	 -0.0072565 
   0.0000000  	  0.0025686 
   0.0052711  	 -0.0000013 
  -0.0323451  	 -0.0000026 
  -0.0018896  	 -0.0000005 
  -0.0246819  	 -0.0000011 
   0.0000003  	  0.0039687 
   0.0000004  	 -0.0090461 
  -0.0000986  	 -0.0000016 
  -0.0003665  	  0.0000005 
  -0.0002261  	 -0.0000002 
   0.0008818  	  0.0000002 
  -0.0001255  	  0.0000001 
   0.0000000  	 -0.0016740 
  -0.0000000  	 -0.0000660 
   0.0000000  	  0.0007350 
   0.0003594  	  0.0000002 
  -0.0000042  	 -0.0000000 
  -0.0000000  	  0.0007663 
   0.0019767  	 -0.0000004 
   0.0007235  	 -0.0000001 
   0.0014789  	 -0.0000004 
   0.0007896  	 -0.0000005 
  -0.0000001  	  0.0004565 
   0.0000002  	 -0.0000305 
  -0.0000002  	  0.0001801 
   0.0036288  	 -0.0000003 
   0.0007589  	  0.0000001 
   0.0000001  	  0.0050020 
   0.0622624  	 -0.0000067 
  -0.0069834  	  0.0000035 
  -0.0230204  	  0.0000354 
  -0.0045662  	 -0.0000102 
  -0.0003571  	  0.0000002 
  -0.0004528  	  0.0000001 
   0.0000001  	  0.0017132 
   0.0119886  	  0.0000009 
  -0.0067529  	  0.0000017 
  -0.0000004  	  0.0175158 
  -0.0034242  	  0.0000098 
   0.0051142  	  0.0000040 
  -0.0000009  	  0.0947572 
  -0.0003988  	  0.0000000 
  -0.0008957  	 -0.0000001 
  -0.0000879  	 -0.0000002 
  -0.0000000  	  0.0001756 
   0.0000000  	 -0.0000383 
  -0.0009321  	 -0.0000000 
   0.0089446  	 -0.0000013 
   0.0036662  	  0.0000002 
   0.0045873  	 -0.0000032 
  -0.0000005  	  0.0100904 
  -0.0000002  	 -0.0079863 
   0.0064096  	 -0.0000026 
